#   GLON      GLAT      VLSR     MLON      MLAT
  314.3822  -76.7196   -9.11  -46.5490   -0.3698
  314.3867  -76.6802   -8.76  -46.5179   -0.3941
  314.3911  -76.6408   -8.41  -46.4869   -0.4184
  314.3956  -76.6013   -8.06  -46.4559   -0.4427
  314.4000  -76.5619   -7.72  -46.4248   -0.4670
  314.4044  -76.5225   -7.37  -46.3938   -0.4913
  314.4088  -76.4831   -7.02  -46.3627   -0.5156
  314.4131  -76.4437   -6.67  -46.3317   -0.5399
  314.4174  -76.4043   -6.32  -46.3007   -0.5642
  314.4217  -76.3649   -5.98  -46.2696   -0.5885
  314.4260  -76.3255   -5.63  -46.2386   -0.6128
  314.4303  -76.2861   -5.28  -46.2076   -0.6371
  314.4345  -76.2467   -4.93  -46.1765   -0.6614
  314.4387  -76.2073   -4.58  -46.1455   -0.6857
  314.4429  -76.1679   -4.23  -46.1144   -0.7100
  314.4471  -76.1285   -3.89  -46.0834   -0.7343
  314.4512  -76.0891   -3.54  -46.0524   -0.7586
  314.4553  -76.0497   -3.19  -46.0213   -0.7829
  314.4594  -76.0103   -2.84  -45.9903   -0.8072
  314.4635  -75.9709   -2.49  -45.9593   -0.8315
  314.4676  -75.9315   -2.15  -45.9282   -0.8558
  314.4716  -75.8921   -1.80  -45.8972   -0.8801
  314.4756  -75.8527   -1.45  -45.8661   -0.9044
  314.4796  -75.8133   -1.10  -45.8351   -0.9287
  314.4836  -75.7739   -0.75  -45.8041   -0.9530
  314.4876  -75.7345   -0.40  -45.7730   -0.9773
  314.4915  -75.6951   -0.06  -45.7420   -1.0016
  314.4954  -75.6557    0.29  -45.7110   -1.0259
  314.4993  -75.6163    0.64  -45.6799   -1.0502
  314.5032  -75.5769    0.99  -45.6489   -1.0745
  314.5071  -75.5375    1.34  -45.6179   -1.0988
  314.5109  -75.4981    1.68  -45.5868   -1.1231
  314.5148  -75.4587    2.03  -45.5558   -1.1474
  314.5186  -75.4193    2.38  -45.5247   -1.1717
  314.5224  -75.3799    2.73  -45.4937   -1.1960
  314.5261  -75.3405    3.08  -45.4627   -1.2203
  314.5299  -75.3011    3.42  -45.4316   -1.2446
  314.5336  -75.2617    3.77  -45.4006   -1.2689
  314.5374  -75.2223    4.12  -45.3696   -1.2932
  314.5411  -75.1829    4.47  -45.3385   -1.3175
  314.5448  -75.1435    4.82  -45.3075   -1.3418
  314.5484  -75.1041    5.17  -45.2764   -1.3661
  314.5256  -75.0698    5.51  -45.2454   -1.3819
  314.4926  -75.0374    5.86  -45.2144   -1.3943
  314.4598  -75.0051    6.21  -45.1833   -1.4068
  314.4271  -74.9727    6.56  -45.1523   -1.4193
  314.3946  -74.9403    6.91  -45.1213   -1.4318
  314.3622  -74.9080    7.25  -45.0902   -1.4443
  314.3299  -74.8756    7.60  -45.0592   -1.4568
  314.2978  -74.8432    7.95  -45.0281   -1.4693
  314.2658  -74.8108    8.30  -44.9971   -1.4818
  314.2340  -74.7784    8.65  -44.9661   -1.4943
  314.2023  -74.7460    9.00  -44.9350   -1.5068
  314.1707  -74.7136    9.34  -44.9040   -1.5193
  314.1393  -74.6812    9.69  -44.8730   -1.5318
  314.1079  -74.6488   10.04  -44.8419   -1.5443
  314.0768  -74.6164   10.39  -44.8109   -1.5568
  314.0457  -74.5840   10.74  -44.7798   -1.5693
  314.0148  -74.5516   11.08  -44.7488   -1.5818
  313.9840  -74.5192   11.43  -44.7178   -1.5943
  313.9533  -74.4867   11.78  -44.6867   -1.6068
  313.9228  -74.4543   12.13  -44.6557   -1.6193
  313.8924  -74.4219   12.48  -44.6247   -1.6318
  313.8621  -74.3894   12.83  -44.5936   -1.6443
  313.8319  -74.3570   13.10  -44.5626   -1.6568
  313.8019  -74.3245   13.33  -44.5315   -1.6693
  313.7703  -74.2924   13.57  -44.5005   -1.6812
  313.7381  -74.2604   13.80  -44.4695   -1.6929
  313.7059  -74.2284   14.03  -44.4384   -1.7046
  313.6739  -74.1965   14.26  -44.4074   -1.7162
  313.6420  -74.1645   14.49  -44.3764   -1.7279
  313.6102  -74.1325   14.73  -44.3453   -1.7395
  313.5786  -74.1005   14.96  -44.3143   -1.7512
  313.5471  -74.0685   15.19  -44.2832   -1.7629
  313.5157  -74.0365   15.42  -44.2522   -1.7745
  313.4844  -74.0045   15.65  -44.2212   -1.7862
  313.4533  -73.9725   15.89  -44.1901   -1.7979
  313.4223  -73.9405   16.12  -44.1591   -1.8095
  313.3914  -73.9085   16.35  -44.1281   -1.8212
  313.3606  -73.8764   16.58  -44.0970   -1.8329
  313.3300  -73.8444   16.81  -44.0660   -1.8445
  313.2994  -73.8124   17.06  -44.0350   -1.8562
  313.2690  -73.7803   17.32  -44.0039   -1.8678
  313.2344  -73.7492   17.59  -43.9729   -1.8780
  313.1946  -73.7190   17.85  -43.9418   -1.8864
  313.1548  -73.6889   18.12  -43.9108   -1.8947
  313.1153  -73.6588   18.38  -43.8798   -1.9030
  313.0759  -73.6287   18.64  -43.8487   -1.9113
  313.0366  -73.5985   18.91  -43.8177   -1.9197
  312.9974  -73.5683   19.17  -43.7867   -1.9280
  312.9584  -73.5382   19.43  -43.7556   -1.9363
  312.9196  -73.5080   19.70  -43.7246   -1.9447
  312.8809  -73.4778   19.96  -43.6935   -1.9530
  312.8423  -73.4477   20.23  -43.6625   -1.9613
  312.8038  -73.4175   20.49  -43.6315   -1.9697
  312.7655  -73.3873   20.75  -43.6004   -1.9780
  312.7274  -73.3571   21.02  -43.5694   -1.9863
  312.6894  -73.3269   21.28  -43.5384   -1.9947
  312.6515  -73.2966   21.54  -43.5073   -2.0030
  312.6137  -73.2664   21.81  -43.4763   -2.0113
  312.5761  -73.2362   22.07  -43.4452   -2.0197
  312.5386  -73.2059   22.34  -43.4142   -2.0280
  312.5013  -73.1757   22.60  -43.3832   -2.0363
  312.4640  -73.1454   22.86  -43.3521   -2.0446
  312.4270  -73.1152   23.13  -43.3211   -2.0530
  312.3900  -73.0849   23.39  -43.2901   -2.0613
  312.3532  -73.0546   23.65  -43.2590   -2.0696
  312.3154  -73.0246   23.92  -43.2280   -2.0776
  312.2759  -72.9949   24.18  -43.1969   -2.0849
  312.2365  -72.9652   24.45  -43.1659   -2.0922
  312.1973  -72.9355   24.71  -43.1349   -2.0995
  312.1582  -72.9057   24.97  -43.1038   -2.1067
  312.1192  -72.8760   25.24  -43.0728   -2.1140
  312.0804  -72.8463   25.50  -43.0418   -2.1213
  312.0417  -72.8165   25.76  -43.0107   -2.1286
  312.0031  -72.7868   26.03  -42.9797   -2.1359
  311.9647  -72.7570   26.29  -42.9486   -2.1432
  311.9264  -72.7273   26.56  -42.9176   -2.1505
  311.8882  -72.6975   26.82  -42.8866   -2.1578
  311.8502  -72.6677   27.14  -42.8555   -2.1651
  311.8123  -72.6379   27.50  -42.8245   -2.1724
  311.7745  -72.6081   27.87  -42.7935   -2.1796
  311.7368  -72.5783   28.23  -42.7624   -2.1869
  311.6993  -72.5485   28.59  -42.7314   -2.1942
  311.6619  -72.5187   28.95  -42.7003   -2.2015
  311.6246  -72.4889   29.32  -42.6693   -2.2088
  311.5875  -72.4590   29.68  -42.6383   -2.2161
  311.5504  -72.4292   30.04  -42.6072   -2.2234
  311.5135  -72.3994   30.41  -42.5762   -2.2307
  311.4768  -72.3695   30.77  -42.5452   -2.2380
  311.4401  -72.3397   31.13  -42.5141   -2.2453
  311.4036  -72.3098   31.49  -42.4831   -2.2525
  311.3671  -72.2799   31.86  -42.4520   -2.2598
  311.3308  -72.2500   32.16  -42.4210   -2.2671
  311.2947  -72.2202   32.45  -42.3900   -2.2744
  311.2417  -72.1937   32.74  -42.3589   -2.2755
  311.1860  -72.1678   33.03  -42.3279   -2.2755
  311.1303  -72.1419   33.32  -42.2969   -2.2755
  311.0749  -72.1160   33.61  -42.2658   -2.2755
  311.0195  -72.0900   33.90  -42.2348   -2.2755
  310.9644  -72.0641   34.19  -42.2038   -2.2755
  310.9094  -72.0381   34.48  -42.1727   -2.2755
  310.8545  -72.0121   34.77  -42.1417   -2.2755
  310.7998  -71.9861   35.21  -42.1106   -2.2755
  310.7453  -71.9601   35.79  -42.0796   -2.2755
  310.6909  -71.9340   36.37  -42.0486   -2.2755
  310.6367  -71.9080   36.95  -42.0175   -2.2755
  310.5826  -71.8819   37.53  -41.9865   -2.2755
  310.5287  -71.8559   38.11  -41.9555   -2.2755
  310.4749  -71.8298   38.69  -41.9244   -2.2755
  310.4213  -71.8036   39.27  -41.8934   -2.2755
  310.3678  -71.7775   39.85  -41.8623   -2.2755
  310.3145  -71.7514   40.43  -41.8313   -2.2755
  310.2613  -71.7252   40.94  -41.8003   -2.2755
  310.2083  -71.6991   41.13  -41.7692   -2.2755
  310.1554  -71.6729   41.32  -41.7382   -2.2755
  310.1027  -71.6467   41.52  -41.7072   -2.2755
  310.0501  -71.6205   41.71  -41.6761   -2.2755
  309.9976  -71.5942   41.90  -41.6451   -2.2755
  309.9453  -71.5680   42.10  -41.6140   -2.2755
  309.8932  -71.5417   42.29  -41.5830   -2.2755
  309.8412  -71.5154   42.48  -41.5520   -2.2755
  309.7893  -71.4892   42.68  -41.5209   -2.2755
  309.7376  -71.4628   42.87  -41.4899   -2.2755
  309.6861  -71.4365   43.27  -41.4589   -2.2755
  309.6346  -71.4102   43.71  -41.4278   -2.2755
  309.5834  -71.3839   44.15  -41.3968   -2.2755
  309.5322  -71.3575   44.58  -41.3657   -2.2755
  309.4812  -71.3311   45.02  -41.3347   -2.2755
  309.4303  -71.3047   45.45  -41.3037   -2.2755
  309.3796  -71.2783   45.89  -41.2726   -2.2755
  309.3290  -71.2519   46.32  -41.2416   -2.2755
  309.2786  -71.2255   46.76  -41.2106   -2.2755
  309.2283  -71.1990   47.19  -41.1795   -2.2755
  309.1781  -71.1726   47.63  -41.1485   -2.2755
  309.1281  -71.1461   48.06  -41.1175   -2.2755
  309.0635  -71.1225   48.50  -41.0864   -2.2700
  308.9882  -71.1010   48.91  -41.0554   -2.2602
  308.9129  -71.0795   49.16  -41.0243   -2.2505
  308.8379  -71.0580   49.41  -40.9933   -2.2408
  308.7630  -71.0365   49.66  -40.9623   -2.2311
  308.6882  -71.0149   49.91  -40.9312   -2.2214
  308.6137  -70.9933   50.16  -40.9002   -2.2116
  308.5393  -70.9716   50.40  -40.8692   -2.2019
  308.4650  -70.9499   50.65  -40.8381   -2.1922
  308.3909  -70.9282   50.90  -40.8071   -2.1825
  308.3170  -70.9065   51.15  -40.7760   -2.1728
  308.2433  -70.8847   51.40  -40.7450   -2.1631
  308.1697  -70.8629   51.65  -40.7140   -2.1533
  308.0963  -70.8411   51.90  -40.6829   -2.1436
  308.0230  -70.8193   52.15  -40.6519   -2.1339
  307.9499  -70.7974   52.39  -40.6209   -2.1242
  307.8770  -70.7755   52.64  -40.5898   -2.1145
  307.8042  -70.7535   52.89  -40.5588   -2.1047
  307.7316  -70.7315   53.14  -40.5277   -2.0950
  307.6591  -70.7095   53.39  -40.4967   -2.0853
  307.5868  -70.6875   53.64  -40.4657   -2.0756
  307.5384  -70.6609   53.89  -40.4346   -2.0749
  307.4919  -70.6340   54.13  -40.4036   -2.0749
  307.4455  -70.6071   54.38  -40.3726   -2.0749
  307.3992  -70.5802   54.63  -40.3415   -2.0749
  307.3530  -70.5532   54.90  -40.3105   -2.0749
  307.3069  -70.5263   55.62  -40.2794   -2.0749
  307.2610  -70.4993   56.35  -40.2484   -2.0749
  307.2152  -70.4723   57.07  -40.2174   -2.0749
  307.1695  -70.4453   57.80  -40.1863   -2.0749
  307.1240  -70.4183   58.52  -40.1553   -2.0749
  307.0786  -70.3913   59.25  -40.1243   -2.0749
  307.0333  -70.3643   59.90  -40.0932   -2.0749
  306.9881  -70.3372   60.13  -40.0622   -2.0749
  306.9430  -70.3102   60.36  -40.0311   -2.0749
  306.8980  -70.2831   60.59  -40.0001   -2.0749
  306.8532  -70.2560   60.83  -39.9691   -2.0749
  306.8085  -70.2290   61.06  -39.9380   -2.0749
  306.7639  -70.2019   61.29  -39.9070   -2.0749
  306.7195  -70.1747   61.52  -39.8760   -2.0749
  306.6751  -70.1476   61.75  -39.8449   -2.0749
  306.6309  -70.1205   61.99  -39.8139   -2.0749
  306.5868  -70.0934   62.22  -39.7828   -2.0749
  306.5428  -70.0662   62.45  -39.7518   -2.0749
  306.4989  -70.0390   62.68  -39.7208   -2.0749
  306.4657  -70.0099   62.92  -39.6897   -2.0791
  306.4345  -69.9803   63.15  -39.6587   -2.0839
  306.4034  -69.9508   63.38  -39.6277   -2.0888
  306.3724  -69.9213   63.61  -39.5966   -2.0936
  306.3414  -69.8917   63.84  -39.5656   -2.0985
  306.3105  -69.8622   64.04  -39.5345   -2.1034
  306.2798  -69.8326   64.23  -39.5035   -2.1082
  306.2491  -69.8031   64.43  -39.4725   -2.1131
  306.2185  -69.7735   64.62  -39.4414   -2.1179
  306.1880  -69.7440   64.81  -39.4104   -2.1228
  306.1576  -69.7144   65.01  -39.3794   -2.1277
  306.1272  -69.6848   65.20  -39.3483   -2.1325
  306.0970  -69.6552   65.39  -39.3173   -2.1374
  306.0668  -69.6256   65.59  -39.2863   -2.1422
  306.0368  -69.5960   65.78  -39.2552   -2.1471
  306.0068  -69.5664   66.03  -39.2242   -2.1520
  305.9769  -69.5368   66.32  -39.1931   -2.1568
  305.9470  -69.5072   66.61  -39.1621   -2.1617
  305.9173  -69.4776   66.91  -39.1311   -2.1665
  305.8876  -69.4480   67.20  -39.1000   -2.1714
  305.8586  -69.4183   67.49  -39.0690   -2.1765
  305.8315  -69.3882   67.78  -39.0380   -2.1823
  305.8046  -69.3581   68.07  -39.0069   -2.1881
  305.7777  -69.3280   68.36  -38.9759   -2.1940
  305.7508  -69.2979   68.65  -38.9448   -2.1998
  305.7241  -69.2678   68.94  -38.9138   -2.2056
  305.6974  -69.2377   69.23  -38.8828   -2.2115
  305.6708  -69.2076   69.52  -38.8517   -2.2173
  305.6443  -69.1774   69.81  -38.8207   -2.2231
  305.6179  -69.1473   69.97  -38.7897   -2.2290
  305.5915  -69.1172   70.11  -38.7586   -2.2348
  305.5652  -69.0871   70.26  -38.7276   -2.2406
  305.5390  -69.0569   70.40  -38.6965   -2.2464
  305.5128  -69.0268   70.55  -38.6655   -2.2523
  305.4868  -68.9966   70.70  -38.6345   -2.2581
  305.4608  -68.9665   70.84  -38.6034   -2.2639
  305.4348  -68.9363   70.99  -38.5724   -2.2698
  305.4083  -68.9063   71.13  -38.5414   -2.2753
  305.3363  -68.8849   71.28  -38.5103   -2.2623
  305.2645  -68.8635   71.42  -38.4793   -2.2494
  305.1928  -68.8420   71.57  -38.4482   -2.2364
  305.1213  -68.8205   71.71  -38.4172   -2.2235
  305.0499  -68.7989   71.86  -38.3862   -2.2105
  304.9787  -68.7774   72.02  -38.3551   -2.1976
  304.9076  -68.7558   72.19  -38.3241   -2.1846
  304.8366  -68.7341   72.36  -38.2931   -2.1716
  304.7658  -68.7125   72.52  -38.2620   -2.1587
  304.6951  -68.6908   72.69  -38.2310   -2.1457
  304.6245  -68.6690   72.85  -38.1999   -2.1328
  304.5541  -68.6473   73.02  -38.1689   -2.1198
  304.4838  -68.6255   73.18  -38.1379   -2.1068
  304.4137  -68.6037   73.35  -38.1068   -2.0939
  304.3437  -68.5819   73.52  -38.0758   -2.0809
  304.2738  -68.5600   73.68  -38.0448   -2.0680
  304.2041  -68.5381   73.85  -38.0137   -2.0550
  304.1345  -68.5161   74.01  -37.9827   -2.0420
  304.0651  -68.4942   74.18  -37.9516   -2.0291
  303.9957  -68.4722   74.34  -37.9206   -2.0161
  303.9266  -68.4502   74.51  -37.8896   -2.0032
  303.8575  -68.4281   74.68  -37.8585   -1.9902
  303.7886  -68.4060   74.84  -37.8275   -1.9772
  303.7198  -68.3839   75.01  -37.7965   -1.9643
  303.6512  -68.3618   75.17  -37.7654   -1.9513
  303.5827  -68.3396   75.34  -37.7344   -1.9384
  303.5143  -68.3174   75.51  -37.7034   -1.9254
  303.4460  -68.2952   75.67  -37.6723   -1.9124
  303.3779  -68.2730   75.84  -37.6413   -1.8995
  303.3100  -68.2507   76.19  -37.6102   -1.8865
  303.2433  -68.2282   76.54  -37.5792   -1.8740
  303.1952  -68.2023   76.89  -37.5482   -1.8692
  303.1473  -68.1765   77.24  -37.5171   -1.8643
  303.0994  -68.1506   77.58  -37.4861   -1.8595
  303.0517  -68.1247   77.93  -37.4551   -1.8546
  303.0041  -68.0988   78.28  -37.4240   -1.8497
  302.9566  -68.0729   78.63  -37.3930   -1.8449
  302.9092  -68.0470   78.98  -37.3619   -1.8400
  302.8619  -68.0210   79.33  -37.3309   -1.8352
  302.8147  -67.9951   79.67  -37.2999   -1.8303
  302.7677  -67.9691   80.02  -37.2688   -1.8254
  302.7207  -67.9431   80.37  -37.2378   -1.8206
  302.6738  -67.9171   80.72  -37.2068   -1.8157
  302.6271  -67.8911   81.07  -37.1757   -1.8109
  302.5804  -67.8651   81.41  -37.1447   -1.8060
  302.5339  -67.8390   81.76  -37.1136   -1.8011
  302.4874  -67.8130   82.06  -37.0826   -1.7963
  302.4411  -67.7869   82.35  -37.0516   -1.7914
  302.3949  -67.7608   82.64  -37.0205   -1.7866
  302.3487  -67.7347   82.93  -36.9895   -1.7817
  302.3027  -67.7086   83.22  -36.9585   -1.7768
  302.2617  -67.6817   83.51  -36.9274   -1.7740
  302.2275  -67.6535   83.80  -36.8964   -1.7740
  302.1933  -67.6253   84.09  -36.8653   -1.7740
  302.1593  -67.5971   84.38  -36.8343   -1.7740
  302.1253  -67.5689   84.67  -36.8033   -1.7740
  302.0914  -67.5407   84.96  -36.7722   -1.7740
  302.0576  -67.5125   85.25  -36.7412   -1.7740
  302.0239  -67.4843   85.54  -36.7102   -1.7740
  301.9903  -67.4561   85.82  -36.6791   -1.7740
  301.9567  -67.4279   85.97  -36.6481   -1.7740
  301.9232  -67.3997   86.11  -36.6170   -1.7740
  301.8898  -67.3714   86.26  -36.5860   -1.7740
  301.8565  -67.3432   86.40  -36.5550   -1.7740
  301.8233  -67.3149   86.55  -36.5239   -1.7740
  301.7901  -67.2867   86.69  -36.4929   -1.7740
  301.7570  -67.2584   86.84  -36.4619   -1.7740
  301.7240  -67.2301   86.98  -36.4308   -1.7740
  301.6911  -67.2018   87.13  -36.3998   -1.7740
  301.6583  -67.1735   87.27  -36.3687   -1.7740
  301.6255  -67.1452   87.42  -36.3377   -1.7740
  301.5928  -67.1169   87.56  -36.3067   -1.7740
  301.5602  -67.0886   87.71  -36.2756   -1.7740
  301.5277  -67.0603   87.85  -36.2446   -1.7740
  301.4952  -67.0320   88.00  -36.2136   -1.7740
  301.4590  -67.0043   88.14  -36.1825   -1.7724
  301.4153  -66.9780   88.29  -36.1515   -1.7675
  301.3718  -66.9516   88.43  -36.1205   -1.7626
  301.3283  -66.9252   88.58  -36.0894   -1.7578
  301.2850  -66.8988   88.72  -36.0584   -1.7529
  301.2417  -66.8724   88.88  -36.0273   -1.7481
  301.1985  -66.8460   89.06  -35.9963   -1.7432
  301.1554  -66.8196   89.23  -35.9653   -1.7383
  301.1125  -66.7931   89.40  -35.9342   -1.7335
  301.0696  -66.7666   89.58  -35.9032   -1.7286
  301.0268  -66.7402   89.75  -35.8722   -1.7238
  300.9841  -66.7137   89.93  -35.8411   -1.7189
  300.9414  -66.6872   90.10  -35.8101   -1.7140
  300.8989  -66.6607   90.27  -35.7790   -1.7092
  300.8565  -66.6342   90.45  -35.7480   -1.7043
  300.8142  -66.6076   90.62  -35.7170   -1.6995
  300.7719  -66.5811   90.80  -35.6859   -1.6946
  300.7298  -66.5545   90.97  -35.6549   -1.6897
  300.6877  -66.5280   91.14  -35.6239   -1.6849
  300.6457  -66.5014   91.32  -35.5928   -1.6800
  300.6038  -66.4748   91.49  -35.5618   -1.6752
  300.5793  -66.4453   91.67  -35.5307   -1.6778
  300.5622  -66.4145   91.83  -35.4997   -1.6836
  300.5450  -66.3836   91.98  -35.4687   -1.6895
  300.5280  -66.3528   92.12  -35.4376   -1.6953
  300.5110  -66.3220   92.27  -35.4066   -1.7011
  300.4940  -66.2912   92.41  -35.3756   -1.7070
  300.4771  -66.2604   92.56  -35.3445   -1.7128
  300.4602  -66.2295   92.70  -35.3135   -1.7186
  300.4433  -66.1987   92.85  -35.2824   -1.7245
  300.4265  -66.1679   92.99  -35.2514   -1.7303
  300.4098  -66.1370   93.14  -35.2204   -1.7361
  300.3930  -66.1062   93.28  -35.1893   -1.7420
  300.3764  -66.0754   93.43  -35.1583   -1.7478
  300.3597  -66.0445   93.57  -35.1273   -1.7536
  300.3431  -66.0137   93.72  -35.0962   -1.7595
  300.3266  -65.9829   93.86  -35.0652   -1.7653
  300.3101  -65.9520   94.01  -35.0341   -1.7711
  300.3311  -65.9147   94.16  -35.0031   -1.7936
  300.3891  -65.8710   94.30  -34.9721   -1.8325
  300.4469  -65.8272   94.45  -34.9410   -1.8713
  300.5044  -65.7834   94.59  -34.9100   -1.9102
  300.5618  -65.7396   94.74  -34.8790   -1.9491
  300.6190  -65.6958   94.86  -34.8479   -1.9880
  300.6760  -65.6520   94.98  -34.8169   -2.0268
  300.7328  -65.6081   95.10  -34.7859   -2.0657
  300.7895  -65.5642   95.21  -34.7548   -2.1046
  300.8459  -65.5203   95.33  -34.7238   -2.1435
  300.9022  -65.4764   95.44  -34.6927   -2.1824
  300.9583  -65.4324   95.56  -34.6617   -2.2212
  301.0141  -65.3885   95.68  -34.6307   -2.2601
  301.0698  -65.3445   95.79  -34.5996   -2.2990
  301.1254  -65.3005   95.91  -34.5686   -2.3379
  301.1807  -65.2565   96.02  -34.5376   -2.3767
  301.2358  -65.2125   96.14  -34.5065   -2.4156
  301.2908  -65.1684   96.26  -34.4755   -2.4545
  301.3456  -65.1243   96.37  -34.4444   -2.4934
  301.4002  -65.0802   96.49  -34.4134   -2.5323
  301.4547  -65.0361   96.60  -34.3824   -2.5711
  301.6540  -64.9646   96.72  -34.3513   -2.6772
  301.8750  -64.8884   96.91  -34.3203   -2.7938
  302.0946  -64.8120   97.20  -34.2893   -2.9105
  302.2288  -64.7517   97.49  -34.2582   -2.9875
  302.2481  -64.7138   97.78  -34.2272   -3.0108
  302.2675  -64.6759   98.07  -34.1961   -3.0342
  302.2867  -64.6380   98.36  -34.1651   -3.0575
  302.3059  -64.6001   98.65  -34.1341   -3.0808
  302.3251  -64.5622   98.94  -34.1030   -3.1041
  302.3442  -64.5243   99.23  -34.0720   -3.1275
  302.3633  -64.4864   99.52  -34.0410   -3.1508
  302.3823  -64.4485   99.80  -34.0099   -3.1741
  302.4013  -64.4106  100.02  -33.9789   -3.1975
  302.4202  -64.3726  100.24  -33.9478   -3.2208
  302.4391  -64.3347  100.45  -33.9168   -3.2441
  302.4579  -64.2968  100.67  -33.8858   -3.2674
  302.4767  -64.2589  100.89  -33.8547   -3.2908
  302.4954  -64.2210  101.11  -33.8237   -3.3141
  302.5141  -64.1830  101.32  -33.7927   -3.3374
  302.5327  -64.1451  101.54  -33.7616   -3.3607
  302.5404  -64.1094  101.76  -33.7306   -3.3788
  302.5105  -64.0813  101.98  -33.6995   -3.3788
  302.4807  -64.0532  102.19  -33.6685   -3.3788
  302.4510  -64.0251  102.41  -33.6375   -3.3788
  302.4214  -63.9970  102.63  -33.6064   -3.3788
  302.3918  -63.9688  102.94  -33.5754   -3.3788
  302.3622  -63.9407  103.45  -33.5444   -3.3788
  302.3327  -63.9125  103.96  -33.5133   -3.3788
  302.3033  -63.8844  104.46  -33.4823   -3.3788
  302.2740  -63.8562  104.97  -33.4512   -3.3788
  302.2447  -63.8281  105.48  -33.4202   -3.3788
  302.2154  -63.7999  105.99  -33.3892   -3.3788
  302.1863  -63.7717  106.50  -33.3581   -3.3788
  302.1572  -63.7435  107.00  -33.3271   -3.3788
  302.1281  -63.7153  107.51  -33.2961   -3.3788
  302.0991  -63.6871  108.02  -33.2650   -3.3788
  302.0702  -63.6589  108.53  -33.2340   -3.3788
  302.0413  -63.6307  109.03  -33.2029   -3.3788
  302.0125  -63.6025  109.54  -33.1719   -3.3788
  301.9837  -63.5743  110.31  -33.1409   -3.3788
  301.9550  -63.5461  111.28  -33.1098   -3.3788
  301.9206  -63.5190  112.24  -33.0788   -3.3760
  301.8821  -63.4928  113.21  -33.0478   -3.3711
  301.8436  -63.4665  114.18  -33.0167   -3.3662
  301.8053  -63.4403  115.15  -32.9857   -3.3614
  301.7670  -63.4140  116.11  -32.9547   -3.3565
  301.7288  -63.3877  117.08  -32.9236   -3.3517
  301.6907  -63.3614  118.05  -32.8926   -3.3468
  301.6526  -63.3351  119.01  -32.8615   -3.3419
  301.6146  -63.3088  120.03  -32.8305   -3.3371
  301.5767  -63.2825  121.19  -32.7995   -3.3322
  301.5388  -63.2561  122.35  -32.7684   -3.3274
  301.5010  -63.2298  123.51  -32.7374   -3.3225
  301.4633  -63.2034  124.67  -32.7064   -3.3176
  301.4257  -63.1770  125.83  -32.6753   -3.3128
  301.3881  -63.1507  126.99  -32.6443   -3.3079
  301.3506  -63.1243  127.98  -32.6132   -3.3031
  301.3132  -63.0979  128.65  -32.5822   -3.2982
  301.2758  -63.0714  129.33  -32.5512   -3.2933
  301.2385  -63.0450  130.01  -32.5201   -3.2885
  301.2013  -63.0186  130.68  -32.4891   -3.2836
  301.1641  -62.9921  131.36  -32.4581   -3.2788
  301.1503  -62.9611  132.04  -32.4270   -3.2854
  301.1377  -62.9298  132.71  -32.3960   -3.2927
  301.1252  -62.8984  133.39  -32.3649   -3.3000
  301.1127  -62.8671  134.07  -32.3339   -3.3073
  301.1002  -62.8358  134.78  -32.3029   -3.3146
  301.0878  -62.8045  136.23  -32.2718   -3.3219
  301.0753  -62.7732  137.68  -32.2408   -3.3292
  301.0630  -62.7418  139.13  -32.2098   -3.3364
  301.0506  -62.7105  140.58  -32.1787   -3.3437
  301.0383  -62.6792  142.03  -32.1477   -3.3510
  301.0260  -62.6479  143.49  -32.1166   -3.3583
  301.0137  -62.6165  144.84  -32.0856   -3.3656
  301.0015  -62.5852  145.71  -32.0546   -3.3729
  300.9906  -62.5536  146.58  -32.0235   -3.3809
  300.9857  -62.5208  147.45  -31.9925   -3.3918
  300.9808  -62.4881  148.32  -31.9615   -3.4027
  300.9758  -62.4553  149.19  -31.9304   -3.4137
  300.9709  -62.4225  150.06  -31.8994   -3.4246
  300.9661  -62.3897  150.76  -31.8683   -3.4355
  300.9612  -62.3570  151.05  -31.8373   -3.4465
  300.9563  -62.3242  151.35  -31.8063   -3.4574
  300.9515  -62.2914  151.64  -31.7752   -3.4684
  300.9466  -62.2586  151.93  -31.7442   -3.4793
  300.9418  -62.2259  152.22  -31.7132   -3.4902
  300.9370  -62.1931  152.51  -31.6821   -3.5012
  300.9322  -62.1603  152.80  -31.6511   -3.5121
  300.9274  -62.1275  153.09  -31.6200   -3.5230
  300.9227  -62.0948  153.38  -31.5890   -3.5340
  300.9179  -62.0620  153.67  -31.5580   -3.5449
  300.9132  -62.0292  153.96  -31.5269   -3.5558
  300.9085  -61.9964  154.25  -31.4959   -3.5668
  300.9037  -61.9637  154.54  -31.4649   -3.5777
  300.8990  -61.9309  154.83  -31.4338   -3.5886
  300.8943  -61.8981  155.12  -31.4028   -3.5996
  300.8897  -61.8653  155.41  -31.3717   -3.6105
  300.8850  -61.8326  155.71  -31.3407   -3.6214
  300.8803  -61.7998  156.15  -31.3097   -3.6324
  300.8757  -61.7670  156.58  -31.2786   -3.6433
  300.8711  -61.7342  157.02  -31.2476   -3.6542
  300.8665  -61.7015  157.45  -31.2166   -3.6652
  300.8619  -61.6687  157.89  -31.1855   -3.6761
  300.8658  -61.6342  158.32  -31.1545   -3.6914
  300.8739  -61.5988  158.76  -31.1235   -3.7089
  300.8819  -61.5634  159.19  -31.0924   -3.7264
  300.8900  -61.5281  159.63  -31.0614   -3.7439
  300.8980  -61.4927  160.06  -31.0303   -3.7614
  300.9061  -61.4573  160.50  -30.9993   -3.7789
  300.9141  -61.4220  160.93  -30.9683   -3.7964
  300.9221  -61.3866  161.37  -30.9372   -3.8139
  300.9301  -61.3513  161.80  -30.9062   -3.8314
  300.9380  -61.3159  162.24  -30.8752   -3.8489
  300.9460  -61.2805  162.67  -30.8441   -3.8664
  300.9539  -61.2452  163.11  -30.8131   -3.8839
  300.9618  -61.2098  163.54  -30.7820   -3.9014
  300.9697  -61.1745  163.98  -30.7510   -3.9189
  300.9776  -61.1391  164.41  -30.7200   -3.9364
  300.9855  -61.1037  164.81  -30.6889   -3.9539
  300.9934  -61.0684  165.14  -30.6579   -3.9714
  300.9908  -61.0352  165.48  -30.6269   -3.9834
  300.9766  -61.0045  165.82  -30.5958   -3.9892
  300.9623  -60.9737  166.16  -30.5648   -3.9950
  300.9482  -60.9430  166.50  -30.5337   -4.0009
  300.9340  -60.9122  166.84  -30.5027   -4.0067
  300.9199  -60.8815  167.18  -30.4717   -4.0125
  300.9058  -60.8507  167.51  -30.4406   -4.0183
  300.8917  -60.8200  167.85  -30.4096   -4.0242
  300.8777  -60.7892  168.19  -30.3786   -4.0300
  300.8637  -60.7585  168.53  -30.3475   -4.0358
  300.8497  -60.7277  168.87  -30.3165   -4.0417
  300.8358  -60.6970  169.21  -30.2854   -4.0475
  300.8218  -60.6662  169.54  -30.2544   -4.0533
  300.8079  -60.6354  169.88  -30.2234   -4.0592
  300.7941  -60.6047  170.22  -30.1923   -4.0650
  300.7803  -60.5739  170.56  -30.1613   -4.0708
  300.7664  -60.5431  170.90  -30.1303   -4.0767
  300.7646  -60.5099  171.24  -30.0992   -4.0889
  300.7943  -60.4700  171.58  -30.0682   -4.1180
  300.8241  -60.4300  172.03  -30.0371   -4.1472
  300.8537  -60.3901  172.52  -30.0061   -4.1763
  300.8833  -60.3502  173.00  -29.9751   -4.2055
  300.9128  -60.3103  173.48  -29.9440   -4.2347
  300.9422  -60.2703  173.97  -29.9130   -4.2638
  300.9716  -60.2304  174.45  -29.8820   -4.2930
  301.0009  -60.1904  174.93  -29.8509   -4.3221
  301.0302  -60.1505  175.42  -29.8199   -4.3513
  301.0593  -60.1105  175.90  -29.7889   -4.3804
  301.0884  -60.0705  176.38  -29.7578   -4.4096
  301.1175  -60.0306  176.72  -29.7268   -4.4388
  301.1465  -59.9906  176.92  -29.6957   -4.4679
  301.1937  -59.9466  177.11  -29.6647   -4.5071
  301.2580  -59.8989  177.30  -29.6337   -4.5557
  301.3222  -59.8512  177.50  -29.6026   -4.6043
  301.3863  -59.8034  177.69  -29.5716   -4.6529
  301.4501  -59.7556  177.89  -29.5406   -4.7015
  301.5138  -59.7077  178.08  -29.5095   -4.7501
  301.5773  -59.6598  178.27  -29.4785   -4.7986
  301.6406  -59.6119  178.47  -29.4474   -4.8472
  301.7037  -59.5640  178.66  -29.4164   -4.8958
  301.7667  -59.5161  178.85  -29.3854   -4.9444
  301.8329  -59.4673  179.05  -29.3543   -4.9949
  301.9129  -59.4154  179.24  -29.3233   -5.0532
  301.9928  -59.3634  179.43  -29.2923   -5.1116
  302.0723  -59.3113  179.63  -29.2612   -5.1699
  302.1517  -59.2592  179.82  -29.2302   -5.2282
  302.2308  -59.2071  180.01  -29.1991   -5.2865
  302.3097  -59.1549  180.21  -29.1681   -5.3448
  302.3762  -59.1055  180.40  -29.1371   -5.3963
  302.4159  -59.0623  180.59  -29.1060   -5.4327
  302.4555  -59.0191  180.90  -29.0750   -5.4692
  302.4951  -58.9759  181.23  -29.0440   -5.5056
  302.5345  -58.9327  181.55  -29.0129   -5.5421
  302.5739  -58.8894  181.88  -28.9819   -5.5785
  302.6131  -58.8462  182.21  -28.9508   -5.6150
  302.6523  -58.8029  182.53  -28.9198   -5.6514
  302.6914  -58.7597  182.86  -28.8888   -5.6879
  302.7304  -58.7164  183.18  -28.8577   -5.7243
  302.7693  -58.6731  183.51  -28.8267   -5.7607
  302.8081  -58.6298  183.84  -28.7957   -5.7972
  302.8468  -58.5865  184.16  -28.7646   -5.8336
  302.8854  -58.5432  184.49  -28.7336   -5.8701
  302.8847  -58.5093  184.82  -28.7025   -5.8840
  302.8527  -58.4830  185.14  -28.6715   -5.8798
  302.8208  -58.4568  185.47  -28.6405   -5.8756
  302.7889  -58.4304  185.80  -28.6094   -5.8715
  302.7570  -58.4041  186.12  -28.5784   -5.8673
  302.7252  -58.3778  186.45  -28.5474   -5.8632
  302.6935  -58.3515  186.78  -28.5163   -5.8590
  302.6618  -58.3252  187.10  -28.4853   -5.8548
  302.6301  -58.2988  187.43  -28.4542   -5.8507
  302.5985  -58.2724  187.75  -28.4232   -5.8465
  302.5670  -58.2461  188.08  -28.3922   -5.8423
  302.5354  -58.2197  188.41  -28.3611   -5.8382
  302.5040  -58.1933  188.73  -28.3301   -5.8340
  302.4726  -58.1669  189.06  -28.2991   -5.8298
  302.4412  -58.1405  189.39  -28.2680   -5.8257
  302.4099  -58.1141  189.66  -28.2370   -5.8215
  302.3787  -58.0877  189.85  -28.2059   -5.8173
  302.3475  -58.0613  190.03  -28.1749   -5.8132
  302.3163  -58.0348  190.21  -28.1439   -5.8090
  302.2852  -58.0084  190.39  -28.1128   -5.8048
  302.2541  -57.9819  190.57  -28.0818   -5.8007
  302.2231  -57.9555  190.75  -28.0508   -5.7965
  302.1921  -57.9290  190.93  -28.0197   -5.7923
  302.1612  -57.9025  191.11  -27.9887   -5.7882
  302.1298  -57.8762  191.30  -27.9577   -5.7837
  302.0978  -57.8500  191.48  -27.9266   -5.7788
  302.0658  -57.8237  191.66  -27.8956   -5.7740
  302.0339  -57.7975  191.84  -27.8645   -5.7691
  302.0020  -57.7713  192.02  -27.8335   -5.7642
  301.9702  -57.7450  192.20  -27.8025   -5.7594
  301.9384  -57.7188  192.38  -27.7714   -5.7545
  301.9067  -57.6925  192.57  -27.7404   -5.7497
  301.8750  -57.6662  192.75  -27.7094   -5.7448
  301.8434  -57.6399  192.93  -27.6783   -5.7399
  301.8118  -57.6136  193.11  -27.6473   -5.7351
  301.7803  -57.5873  193.29  -27.6162   -5.7302
  301.7488  -57.5610  193.47  -27.5852   -5.7254
  301.7174  -57.5347  193.65  -27.5542   -5.7205
  301.6860  -57.5084  193.83  -27.5231   -5.7156
  301.6547  -57.4820  194.02  -27.4921   -5.7108
  301.6234  -57.4557  194.20  -27.4611   -5.7059
  301.5921  -57.4293  194.38  -27.4300   -5.7011
  301.5609  -57.4030  194.56  -27.3990   -5.6962
  301.5298  -57.3766  194.95  -27.3679   -5.6913
  301.4987  -57.3502  195.38  -27.3369   -5.6865
  301.4663  -57.3241  195.82  -27.3059   -5.6808
  301.4336  -57.2981  196.25  -27.2748   -5.6750
  301.4010  -57.2721  196.69  -27.2438   -5.6691
  301.3684  -57.2460  197.12  -27.2128   -5.6633
  301.3359  -57.2200  197.56  -27.1817   -5.6575
  301.3035  -57.1939  197.70  -27.1507   -5.6516
  301.2710  -57.1679  197.83  -27.1196   -5.6458
  301.2387  -57.1418  197.95  -27.0886   -5.6400
  301.2064  -57.1157  198.08  -27.0576   -5.6342
  301.1741  -57.0896  198.20  -27.0265   -5.6283
  301.1419  -57.0635  198.33  -26.9955   -5.6225
  301.1097  -57.0374  198.45  -26.9645   -5.6167
  301.0776  -57.0113  198.57  -26.9334   -5.6108
  301.0455  -56.9852  198.70  -26.9024   -5.6050
  301.0134  -56.9590  198.82  -26.8713   -5.5992
  300.9815  -56.9329  198.95  -26.8403   -5.5933
  300.9495  -56.9067  199.07  -26.8093   -5.5875
  300.9082  -56.8827  199.20  -26.7782   -5.5761
  300.8616  -56.8600  199.32  -26.7472   -5.5615
  300.8151  -56.8372  199.44  -26.7162   -5.5469
  300.7686  -56.8143  199.57  -26.6851   -5.5323
  300.7222  -56.7915  199.69  -26.6541   -5.5178
  300.6759  -56.7687  199.82  -26.6230   -5.5032
  300.6296  -56.7458  199.94  -26.5920   -5.4886
  300.5834  -56.7229  200.07  -26.5610   -5.4740
  300.5372  -56.7000  200.19  -26.5299   -5.4594
  300.4911  -56.6770  200.32  -26.4989   -5.4449
  300.4450  -56.6541  200.44  -26.4679   -5.4303
  300.3990  -56.6311  200.56  -26.4368   -5.4157
  300.3531  -56.6081  200.71  -26.4058   -5.4011
  300.3072  -56.5851  200.85  -26.3748   -5.3865
  300.2506  -56.5646  201.00  -26.3437   -5.3655
  300.1926  -56.5443  201.14  -26.3127   -5.3437
  300.1347  -56.5240  201.29  -26.2816   -5.3218
  300.0768  -56.5036  201.43  -26.2506   -5.2999
  300.0190  -56.4832  201.58  -26.2196   -5.2781
  299.9612  -56.4628  201.72  -26.1885   -5.2562
  299.9036  -56.4424  201.87  -26.1575   -5.2343
  299.8459  -56.4220  202.01  -26.1265   -5.2125
  299.7884  -56.4015  202.16  -26.0954   -5.1906
  299.7309  -56.3810  202.30  -26.0644   -5.1687
  299.6735  -56.3604  202.45  -26.0333   -5.1469
  299.6161  -56.3398  202.59  -26.0023   -5.1250
  299.5588  -56.3192  202.74  -25.9713   -5.1031
  299.5060  -56.2976  202.88  -25.9402   -5.0839
  299.4854  -56.2689  203.03  -25.9092   -5.0839
  299.4649  -56.2402  203.17  -25.8782   -5.0839
  299.4444  -56.2114  203.32  -25.8471   -5.0839
  299.4239  -56.1827  203.46  -25.8161   -5.0839
  299.4034  -56.1539  203.61  -25.7850   -5.0839
  299.3830  -56.1252  203.75  -25.7540   -5.0839
  299.3627  -56.0964  203.90  -25.7230   -5.0839
  299.3423  -56.0677  204.04  -25.6919   -5.0839
  299.3220  -56.0389  204.19  -25.6609   -5.0839
  299.3017  -56.0102  204.33  -25.6299   -5.0839
  299.2815  -55.9814  204.48  -25.5988   -5.0839
  299.2613  -55.9526  204.59  -25.5678   -5.0839
  299.2411  -55.9238  204.65  -25.5367   -5.0839
  299.2210  -55.8951  204.71  -25.5057   -5.0839
  299.2009  -55.8663  204.77  -25.4747   -5.0839
  299.1808  -55.8375  204.83  -25.4436   -5.0839
  299.1607  -55.8087  204.88  -25.4126   -5.0839
  299.1407  -55.7799  204.94  -25.3816   -5.0839
  299.1207  -55.7511  205.00  -25.3505   -5.0839
  299.1008  -55.7223  205.06  -25.3195   -5.0839
  299.0808  -55.6935  205.12  -25.2884   -5.0839
  299.0610  -55.6647  205.17  -25.2574   -5.0839
  299.0411  -55.6359  205.23  -25.2264   -5.0839
  299.0213  -55.6071  205.29  -25.1953   -5.0839
  299.0015  -55.5782  205.35  -25.1643   -5.0839
  298.9817  -55.5494  205.41  -25.1333   -5.0839
  298.9620  -55.5206  205.46  -25.1022   -5.0839
  298.9423  -55.4918  205.52  -25.0712   -5.0839
  298.9226  -55.4629  205.58  -25.0401   -5.0839
  298.9030  -55.4341  205.64  -25.0091   -5.0839
  298.8912  -55.4035  205.70  -24.9781   -5.0887
  298.9195  -55.3642  205.75  -24.9470   -5.1178
  298.9477  -55.3248  205.81  -24.9160   -5.1470
  298.9759  -55.2855  205.87  -24.8850   -5.1761
  299.0040  -55.2461  205.93  -24.8539   -5.2053
  299.0321  -55.2068  205.99  -24.8229   -5.2344
  299.0602  -55.1674  206.04  -24.7919   -5.2636
  299.0881  -55.1281  206.10  -24.7608   -5.2928
  299.1161  -55.0887  206.16  -24.7298   -5.3219
  299.1440  -55.0493  206.22  -24.6987   -5.3511
  299.1718  -55.0099  206.28  -24.6677   -5.3802
  299.1996  -54.9706  206.33  -24.6367   -5.4094
  299.2273  -54.9312  206.39  -24.6056   -5.4386
  299.2550  -54.8918  206.45  -24.5746   -5.4677
  299.2826  -54.8524  206.51  -24.5436   -5.4969
  299.3102  -54.8130  206.57  -24.5125   -5.5260
  299.3377  -54.7736  206.57  -24.4815   -5.5552
  299.3652  -54.7342  206.57  -24.4504   -5.5843
  299.3836  -54.6968  206.57  -24.4194   -5.6079
  299.4016  -54.6595  206.57  -24.3884   -5.6312
  299.4196  -54.6223  206.57  -24.3573   -5.6545
  299.4376  -54.5850  206.57  -24.3263   -5.6779
  299.4555  -54.5477  206.57  -24.2953   -5.7012
  299.4734  -54.5104  206.57  -24.2642   -5.7245
  299.4913  -54.4731  206.57  -24.2332   -5.7478
  299.5091  -54.4358  206.57  -24.2021   -5.7712
  299.5269  -54.3986  206.57  -24.1711   -5.7945
  299.5447  -54.3613  206.57  -24.1401   -5.8178
  299.5625  -54.3240  206.57  -24.1090   -5.8412
  299.5802  -54.2867  206.57  -24.0780   -5.8645
  299.5979  -54.2494  206.57  -24.0470   -5.8878
  299.6156  -54.2121  206.57  -24.0159   -5.9111
  299.6332  -54.1748  206.57  -23.9849   -5.9345
  299.6508  -54.1375  206.57  -23.9538   -5.9578
  299.6684  -54.1002  206.57  -23.9228   -5.9811
  299.6636  -54.0682  206.57  -23.8918   -5.9903
  299.6519  -54.0377  206.57  -23.8607   -5.9952
  299.6403  -54.0072  206.57  -23.8297   -6.0000
  299.6287  -53.9767  206.57  -23.7987   -6.0049
  299.6170  -53.9462  206.57  -23.7676   -6.0098
  299.6055  -53.9157  206.57  -23.7366   -6.0146
  299.5939  -53.8852  206.57  -23.7055   -6.0195
  299.5823  -53.8547  206.57  -23.6745   -6.0243
  299.5708  -53.8242  206.57  -23.6435   -6.0292
  299.5593  -53.7937  206.57  -23.6124   -6.0340
  299.5478  -53.7632  206.57  -23.5814   -6.0389
  299.5363  -53.7327  206.57  -23.5504   -6.0438
  299.5249  -53.7022  206.63  -23.5193   -6.0486
  299.5134  -53.6717  206.68  -23.4883   -6.0535
  299.5020  -53.6412  206.74  -23.4572   -6.0583
  299.4906  -53.6107  206.80  -23.4262   -6.0632
  299.4793  -53.5802  206.86  -23.3952   -6.0681
  299.4679  -53.5497  206.92  -23.3641   -6.0729
  299.4566  -53.5192  206.97  -23.3331   -6.0778
  299.4453  -53.4887  207.03  -23.3021   -6.0826
  299.4322  -53.4586  207.09  -23.2710   -6.0864
  299.4068  -53.4314  207.15  -23.2400   -6.0822
  299.3815  -53.4041  207.21  -23.2090   -6.0780
  299.3561  -53.3769  207.26  -23.1779   -6.0739
  299.3309  -53.3496  207.32  -23.1469   -6.0697
  299.3056  -53.3224  207.38  -23.1158   -6.0655
  299.2804  -53.2951  207.44  -23.0848   -6.0614
  299.2552  -53.2679  207.50  -23.0538   -6.0572
  299.2301  -53.2406  207.56  -23.0227   -6.0530
  299.2050  -53.2133  207.61  -22.9917   -6.0489
  299.1799  -53.1860  207.67  -22.9607   -6.0447
  299.1549  -53.1587  207.73  -22.9296   -6.0405
  299.1299  -53.1314  207.79  -22.8986   -6.0364
  299.1049  -53.1041  207.85  -22.8675   -6.0322
  299.0800  -53.0768  207.90  -22.8365   -6.0280
  299.0551  -53.0495  207.96  -22.8055   -6.0239
  299.0302  -53.0222  208.02  -22.7744   -6.0197
  299.0054  -52.9949  208.08  -22.7434   -6.0156
  298.9806  -52.9675  208.14  -22.7124   -6.0114
  298.9558  -52.9402  208.19  -22.6813   -6.0072
  298.9311  -52.9128  208.25  -22.6503   -6.0031
  298.9064  -52.8855  208.31  -22.6192   -5.9989
  298.8817  -52.8581  208.37  -22.5882   -5.9947
  298.8571  -52.8308  208.43  -22.5572   -5.9906
  298.8328  -52.8033  208.48  -22.5261   -5.9866
  298.8147  -52.7745  208.54  -22.4951   -5.9866
  298.7966  -52.7456  208.57  -22.4641   -5.9866
  298.7785  -52.7168  208.57  -22.4330   -5.9866
  298.7605  -52.6879  208.57  -22.4020   -5.9866
  298.7424  -52.6590  208.57  -22.3709   -5.9866
  298.7244  -52.6301  208.57  -22.3399   -5.9866
  298.7065  -52.6013  208.57  -22.3089   -5.9866
  298.6885  -52.5724  208.57  -22.2778   -5.9866
  298.6706  -52.5435  208.57  -22.2468   -5.9866
  298.6527  -52.5146  208.57  -22.2158   -5.9866
  298.6349  -52.4857  208.57  -22.1847   -5.9866
  298.6170  -52.4568  208.57  -22.1537   -5.9866
  298.5992  -52.4279  208.57  -22.1226   -5.9866
  298.5814  -52.3990  208.57  -22.0916   -5.9866
  298.5637  -52.3701  208.57  -22.0606   -5.9866
  298.5460  -52.3412  208.57  -22.0295   -5.9866
  298.5282  -52.3123  208.57  -21.9985   -5.9866
  298.5106  -52.2834  208.57  -21.9675   -5.9866
  298.4929  -52.2545  208.57  -21.9364   -5.9866
  298.4753  -52.2256  208.57  -21.9054   -5.9866
  298.4577  -52.1967  208.57  -21.8743   -5.9866
  298.4401  -52.1677  208.57  -21.8433   -5.9866
  298.4226  -52.1388  208.57  -21.8123   -5.9866
  298.4050  -52.1099  208.57  -21.7812   -5.9866
  298.3875  -52.0809  208.57  -21.7502   -5.9866
  298.3701  -52.0520  208.58  -21.7192   -5.9866
  298.3526  -52.0231  208.62  -21.6881   -5.9866
  298.3728  -51.9855  208.66  -21.6571   -6.0113
  298.4263  -51.9403  208.69  -21.6261   -6.0580
  298.4798  -51.8951  208.73  -21.5950   -6.1046
  298.5331  -51.8499  208.77  -21.5640   -6.1513
  298.5863  -51.8047  208.80  -21.5329   -6.1979
  298.6395  -51.7594  208.84  -21.5019   -6.2446
  298.6925  -51.7142  208.87  -21.4709   -6.2912
  298.7454  -51.6689  208.91  -21.4398   -6.3379
  298.7983  -51.6236  208.95  -21.4088   -6.3845
  298.8510  -51.5782  208.98  -21.3778   -6.4312
  298.9036  -51.5329  209.02  -21.3467   -6.4778
  298.9562  -51.4875  209.06  -21.3157   -6.5245
  299.0086  -51.4421  209.09  -21.2846   -6.5711
  299.0610  -51.3967  209.13  -21.2536   -6.6178
  299.1132  -51.3513  209.16  -21.2226   -6.6645
  299.1653  -51.3058  209.20  -21.1915   -6.7111
  299.2174  -51.2604  209.24  -21.1605   -6.7578
  299.2665  -51.2156  209.27  -21.1295   -6.8025
  299.3096  -51.1722  209.31  -21.0984   -6.8433
  299.3527  -51.1288  209.35  -21.0674   -6.8841
  299.3958  -51.0853  209.38  -21.0363   -6.9250
  299.4387  -51.0419  209.42  -21.0053   -6.9658
  299.4816  -50.9984  209.45  -20.9743   -7.0066
  299.5244  -50.9550  209.49  -20.9432   -7.0474
  299.5671  -50.9115  209.53  -20.9122   -7.0882
  299.6098  -50.8680  209.56  -20.8812   -7.1291
  299.6524  -50.8245  209.65  -20.8501   -7.1699
  299.6949  -50.7810  209.73  -20.8191   -7.2107
  299.7373  -50.7375  209.81  -20.7880   -7.2515
  299.7797  -50.6940  209.89  -20.7570   -7.2924
  299.8220  -50.6504  209.98  -20.7260   -7.3332
  299.8642  -50.6069  210.06  -20.6949   -7.3740
  299.9063  -50.5633  210.14  -20.6639   -7.4148
  299.9484  -50.5197  210.23  -20.6329   -7.4556
  299.9842  -50.4777  210.31  -20.6018   -7.4922
  299.9786  -50.4460  210.39  -20.5708   -7.5005
  299.9731  -50.4144  210.47  -20.5397   -7.5088
  299.9676  -50.3827  210.56  -20.5087   -7.5172
  299.9621  -50.3510  210.64  -20.4777   -7.5255
  299.9567  -50.3193  210.72  -20.4466   -7.5338
  299.9512  -50.2876  210.81  -20.4156   -7.5422
  299.9457  -50.2559  210.89  -20.3846   -7.5505
  299.9403  -50.2243  210.97  -20.3535   -7.5588
  299.9349  -50.1926  211.05  -20.3225   -7.5672
  299.9294  -50.1609  211.14  -20.2914   -7.5755
  299.9240  -50.1292  211.22  -20.2604   -7.5838
  299.9186  -50.0975  211.30  -20.2294   -7.5922
  299.9132  -50.0658  211.39  -20.1983   -7.6005
  299.9078  -50.0341  211.47  -20.1673   -7.6088
  299.9025  -50.0025  211.55  -20.1363   -7.6171
  299.8971  -49.9708  211.64  -20.1052   -7.6255
  299.8918  -49.9391  211.72  -20.0742   -7.6338
  299.8864  -49.9074  211.80  -20.0432   -7.6421
  299.8811  -49.8757  211.88  -20.0121   -7.6505
  299.8758  -49.8440  211.97  -19.9811   -7.6588
  299.8705  -49.8124  212.05  -19.9500   -7.6671
  299.8652  -49.7807  212.13  -19.9190   -7.6755
  299.8599  -49.7490  212.22  -19.8880   -7.6838
  299.8534  -49.7176  212.30  -19.8569   -7.6913
  299.8247  -49.6918  212.38  -19.8259   -7.6833
  299.7960  -49.6661  212.46  -19.7949   -7.6754
  299.7673  -49.6403  212.55  -19.7638   -7.6674
  299.7387  -49.6145  212.63  -19.7328   -7.6595
  299.7101  -49.5886  212.71  -19.7017   -7.6515
  299.6816  -49.5628  212.80  -19.6707   -7.6435
  299.6531  -49.5370  212.88  -19.6397   -7.6356
  299.6246  -49.5112  212.96  -19.6086   -7.6276
  299.5961  -49.4853  213.04  -19.5776   -7.6197
  299.5677  -49.4594  213.13  -19.5466   -7.6117
  299.5393  -49.4336  213.21  -19.5155   -7.6038
  299.5110  -49.4077  213.29  -19.4845   -7.5958
  299.4827  -49.3818  213.38  -19.4534   -7.5879
  299.4544  -49.3559  213.46  -19.4224   -7.5799
  299.4261  -49.3300  213.54  -19.3914   -7.5720
  299.3979  -49.3041  213.59  -19.3603   -7.5640
  299.3697  -49.2782  213.63  -19.3293   -7.5561
  299.3415  -49.2523  213.67  -19.2983   -7.5481
  299.3134  -49.2263  213.71  -19.2672   -7.5402
  299.2853  -49.2004  213.76  -19.2362   -7.5322
  299.2572  -49.1744  213.80  -19.2051   -7.5243
  299.2292  -49.1485  213.84  -19.1741   -7.5163
  299.2012  -49.1225  213.88  -19.1431   -7.5084
  299.1732  -49.0965  213.92  -19.1120   -7.5004
  299.1453  -49.0705  213.96  -19.0810   -7.4925
  299.1174  -49.0446  214.00  -19.0500   -7.4845
  299.0895  -49.0185  214.05  -19.0189   -7.4765
  299.0617  -48.9925  214.09  -18.9879   -7.4686
  299.0339  -48.9665  214.13  -18.9568   -7.4606
  299.0061  -48.9405  214.17  -18.9258   -7.4527
  298.9783  -48.9144  214.21  -18.8948   -7.4447
  298.9506  -48.8884  214.25  -18.8637   -7.4368
  298.9229  -48.8623  214.29  -18.8327   -7.4288
  298.8953  -48.8363  214.34  -18.8017   -7.4209
  298.8676  -48.8102  214.38  -18.7706   -7.4129
  298.8401  -48.7841  214.42  -18.7396   -7.4050
  298.8125  -48.7580  214.46  -18.7085   -7.3970
  298.7803  -48.7331  214.50  -18.6775   -7.3858
  298.7309  -48.7123  214.54  -18.6465   -7.3624
  298.6816  -48.6915  214.53  -18.6154   -7.3391
  298.6323  -48.6707  214.50  -18.5844   -7.3158
  298.5831  -48.6498  214.46  -18.5534   -7.2925
  298.5339  -48.6290  214.43  -18.5223   -7.2691
  298.4848  -48.6081  214.40  -18.4913   -7.2458
  298.4357  -48.5871  214.37  -18.4603   -7.2225
  298.3866  -48.5662  214.34  -18.4292   -7.1991
  298.3376  -48.5452  214.30  -18.3982   -7.1758
  298.2886  -48.5242  214.27  -18.3671   -7.1525
  298.2397  -48.5032  214.24  -18.3361   -7.1292
  298.1908  -48.4822  214.21  -18.3051   -7.1058
  298.1420  -48.4611  214.17  -18.2740   -7.0825
  298.0932  -48.4400  214.14  -18.2430   -7.0592
  298.0444  -48.4189  214.11  -18.2120   -7.0359
  297.9957  -48.3977  214.08  -18.1809   -7.0125
  297.9469  -48.3766  214.05  -18.1499   -6.9891
  297.8900  -48.3574  214.01  -18.1188   -6.9599
  297.8331  -48.3381  213.98  -18.0878   -6.9308
  297.7763  -48.3188  213.95  -18.0568   -6.9016
  297.7195  -48.2995  213.92  -18.0257   -6.8725
  297.6628  -48.2801  213.88  -17.9947   -6.8433
  297.6061  -48.2607  213.85  -17.9637   -6.8142
  297.5494  -48.2413  213.82  -17.9326   -6.7850
  297.4929  -48.2218  213.79  -17.9016   -6.7558
  297.4363  -48.2023  213.76  -17.8705   -6.7267
  297.3798  -48.1828  213.72  -17.8395   -6.6975
  297.3233  -48.1632  213.69  -17.8085   -6.6684
  297.2669  -48.1436  213.66  -17.7774   -6.6392
  297.2105  -48.1240  213.63  -17.7464   -6.6100
  297.1542  -48.1044  213.59  -17.7154   -6.5809
  297.0979  -48.0847  213.56  -17.6843   -6.5517
  297.0417  -48.0650  213.53  -17.6533   -6.5226
  296.9854  -48.0452  213.50  -17.6222   -6.4934
  296.9405  -48.0229  213.47  -17.5912   -6.4722
  296.8982  -47.9999  213.45  -17.5602   -6.4528
  296.8559  -47.9770  213.42  -17.5291   -6.4333
  296.8136  -47.9540  213.39  -17.4981   -6.4139
  296.7713  -47.9310  213.36  -17.4671   -6.3944
  296.7291  -47.9080  213.33  -17.4360   -6.3750
  296.6870  -47.8850  213.30  -17.4050   -6.3556
  296.6448  -47.8620  213.27  -17.3739   -6.3361
  296.6027  -47.8389  213.24  -17.3429   -6.3167
  296.5607  -47.8158  213.21  -17.3119   -6.2972
  296.5187  -47.7927  213.18  -17.2808   -6.2778
  296.4767  -47.7696  213.16  -17.2498   -6.2584
  296.4348  -47.7465  213.13  -17.2188   -6.2389
  296.3929  -47.7233  213.10  -17.1877   -6.2195
  296.3510  -47.7002  213.07  -17.1567   -6.2001
  296.3092  -47.6770  213.04  -17.1256   -6.1806
  296.2674  -47.6538  213.01  -17.0946   -6.1612
  296.2257  -47.6306  212.98  -17.0636   -6.1417
  296.1840  -47.6073  212.95  -17.0325   -6.1223
  296.1423  -47.5841  212.92  -17.0015   -6.1029
  296.1056  -47.5597  212.89  -16.9705   -6.0869
  296.0914  -47.5304  212.87  -16.9394   -6.0869
  296.0772  -47.5010  212.84  -16.9084   -6.0869
  296.0630  -47.4717  212.81  -16.8773   -6.0869
  296.0488  -47.4424  212.78  -16.8463   -6.0869
  296.0347  -47.4130  212.75  -16.8153   -6.0869
  296.0206  -47.3837  212.72  -16.7842   -6.0869
  296.0064  -47.3543  212.69  -16.7532   -6.0869
  295.9923  -47.3250  212.66  -16.7222   -6.0869
  295.9783  -47.2956  212.63  -16.6911   -6.0869
  295.9642  -47.2663  212.60  -16.6601   -6.0869
  295.9502  -47.2369  212.58  -16.6291   -6.0869
  295.9362  -47.2076  212.56  -16.5980   -6.0869
  295.9222  -47.1782  212.56  -16.5670   -6.0869
  295.9082  -47.1488  212.56  -16.5359   -6.0869
  295.8942  -47.1195  212.56  -16.5049   -6.0869
  295.8803  -47.0901  212.56  -16.4739   -6.0869
  295.8663  -47.0607  212.56  -16.4428   -6.0869
  295.8524  -47.0314  212.56  -16.4118   -6.0869
  295.8385  -47.0020  212.56  -16.3808   -6.0869
  295.8246  -46.9726  212.56  -16.3497   -6.0869
  295.8108  -46.9433  212.56  -16.3187   -6.0869
  295.7969  -46.9139  212.56  -16.2876   -6.0869
  295.7831  -46.8845  212.56  -16.2566   -6.0869
  295.7693  -46.8551  212.56  -16.2256   -6.0869
  295.7555  -46.8257  212.56  -16.1945   -6.0869
  295.7418  -46.7963  212.56  -16.1635   -6.0869
  295.7280  -46.7669  212.56  -16.1325   -6.0869
  295.7143  -46.7376  212.56  -16.1014   -6.0869
  295.7005  -46.7082  212.56  -16.0704   -6.0869
  295.6868  -46.6788  212.56  -16.0393   -6.0869
  295.6732  -46.6494  212.56  -16.0083   -6.0869
  295.6595  -46.6200  212.56  -15.9773   -6.0869
  295.6458  -46.5906  212.56  -15.9462   -6.0869
  295.6322  -46.5612  212.56  -15.9152   -6.0869
  295.6186  -46.5317  212.56  -15.8842   -6.0869
  295.6050  -46.5023  212.56  -15.8531   -6.0869
  295.5914  -46.4729  212.56  -15.8221   -6.0869
  295.5778  -46.4435  212.56  -15.7910   -6.0869
  295.5643  -46.4141  212.56  -15.7600   -6.0869
  295.5508  -46.3847  212.56  -15.7290   -6.0869
  295.5373  -46.3553  212.56  -15.6979   -6.0869
  295.5238  -46.3258  212.56  -15.6669   -6.0869
  295.5103  -46.2964  212.56  -15.6359   -6.0869
  295.4968  -46.2670  212.56  -15.6048   -6.0869
  295.4834  -46.2376  212.56  -15.5738   -6.0869
  295.4700  -46.2081  212.56  -15.5427   -6.0869
